 x = [  0.6145185100108
 0.0000000000000
 0.6144554565572
-0.0088370624535
 0.6142663087853
-0.0176723396486
 0.6139511044590
-0.0265040466836
 0.6135099065098
-0.0353303993705
 0.6129428030234
-0.0441496145916
 0.6122499072223
-0.0529599106559
 0.6114313574418
-0.0617595076550
 0.6104873171026
-0.0705466278190
 0.6094179746765
-0.0793194958717
 0.6082235436483
-0.0880763393851
 0.6069042624717
-0.0968153891339
 0.6054603945208
-0.1055348794482
 0.6038922280360
-0.1142330485668
 0.6022000760651
-0.1229081389884
 0.6003842763990
-0.1315583978229
 0.5984451915026
-0.1401820771406
 0.5963832084411
-0.1487774343217
 0.5941987388000
-0.1573427324034
 0.5918922186014
-0.1658762404261
 0.5894641082150
-0.1743762337791
 0.5869148922633
-0.1828409945437
 0.5842450795233
-0.1912688118358
 0.5814552028218
-0.1996579821463
 0.5785458189270
-0.2080068096805
 0.5755175084346
-0.2163136066954
 0.5723708756494
-0.2245766938352
 0.5691065484614
-0.2327944004658
 0.5657251782184
-0.2409650650061
 0.5622274395926
-0.2490870352585
 0.5586140304428
-0.2571586687366
 0.5548856716727
-0.2651783329915
 0.5510431070837
-0.2731444059352
 0.5470871032231
-0.2810552761622
 0.5430184492281
-0.2889093432691
 0.5388379566655
-0.2967050181708
 0.5345464593658
-0.3044407234154
 0.5301448132544
-0.3121148934960
 0.5256338961768
-0.3197259751601
 0.5210146077206
-0.3272724277160
 0.5162878690325
-0.3347527233373
 0.5114546226315
-0.3421653473639
 0.5065158322173
-0.3495087986005
 0.5014724824748
-0.3567815896121
 0.4963255788745
-0.3639822470166
 0.4910761474688
-0.3711093117747
 0.4857252346840
-0.3781613394761
 0.4802739071082
-0.3851369006233
 0.4747232512759
-0.3920345809113
 0.4690743734479
-0.3988529815054
 0.4633283993877
-0.4055907193142
 0.4574864741343
-0.4122464272605
 0.4515497617707
-0.4188187545481
 0.4455194451890
-0.4253063669252
 0.4393967258521
-0.4317079469448
 0.4331828235512
-0.4380221942208
 0.4268789761605
-0.4442478256811
 0.4204864393876
-0.4503835758168
 0.4140064865209
-0.4564281969276
 0.4074404081742
-0.4623804593638
 0.4007895120266
-0.4682391517639
 0.3940551225605
-0.4740030812891
 0.3872385807957
-0.4796710738533
 0.3803412440206
-0.4852419743495
 0.3733644855200
-0.4907146468720
 0.3663096943007
-0.4960879749350
 0.3591782748131
-0.5013608616865
 0.3519716466706
-0.5065322301188
 0.3446912443660
-0.5116010232742
 0.3373385169856
-0.5165662044473
 0.3299149279193
-0.5214267573820
 0.3224219545697
-0.5261816864658
 0.3148610880578
-0.5308300169179
 0.3072338329257
-0.5353707949749
 0.2995417068384
-0.5398030880709
 0.2917862402816
-0.5441259850137
 0.2839689762581
-0.5483385961563
 0.2760914699820
-0.5524400535644
 0.2681552885704
-0.5564295111795
 0.2601620107329
-0.5603061449764
 0.2521132264598
-0.5640691531180
 0.2440105367077
-0.5677177561039
 0.2358555530831
-0.5712511969155
 0.2276498975247
-0.5746687411562
 0.2193952019840
-0.5779696771865
 0.2110931081033
-0.5811533162555
 0.2027452668934
-0.5842189926269
 0.1943533384087
-0.5871660637008
 0.1859189914214
-0.5899939101306
 0.1774439030939
-0.5927019359352
 0.1689297586506
-0.5952895686069
 0.1603782510474
-0.5977562592138
 0.1517910806408
-0.6001014824985
 0.1431699548559
-0.6023247369711
 0.1345165878527
-0.6044255449979
 0.1258327001920
-0.6064034528857
 0.1171200185002
-0.6082580309605
 0.1083802751332
-0.6099888736420
 0.0996152078400
-0.6115955995134
 0.0908265594246
-0.6130778513860
 0.0820160774083
-0.6144352963593
 0.0731855136912
-0.6156676258763
 0.0643366242125
-0.6167745557740
 0.0554711686115
-0.6177558263291
 0.0465909098873
-0.6186112022987
 0.0376976140588
-0.6193404729565
 0.0287930498243
-0.6199434521246
 0.0198789882210
-0.6204199781992
 0.0109572022842
-0.6207699141732
 0.0020294667070
-0.6209931476528
-0.0069024425005
-0.6210895908699
-0.0158367483515
-0.6210591806896
-0.0247716732227
-0.6209018786130
-0.0337054391941
-0.6206176707754
-0.0426362683890
-0.6202065679393
-0.0515623833126
-0.6196686054835
-0.0604820071912
-0.6190038433867
-0.0693933643102
-0.6182123662070
-0.0782946803518
-0.6172942830563
-0.0871841827317
-0.6162497275705
-0.0960601009353
-0.6150788578746
-0.1049206668535
-0.6137818565438
-0.1137641151167
-0.6123589305591
-0.1225886834288
-0.6108103112594
-0.1313926128995
-0.6091362542883
-0.1401741483761
-0.6073370395366
-0.1489315387740
-0.6054129710801
-0.1576630374058
-0.6033643771135
-0.1663669023095
-0.6011916098791
-0.1750413965750
-0.5988950455917
-0.1836847886700
-0.5964750843585
-0.1922953527637
-0.5939321500951
-0.2008713690491
-0.5912666904371
-0.2094111240644
-0.5884791766468
-0.2179129110122
-0.5855701035166
-0.2263750300773
-0.5825399892672
-0.2347957887429
-0.5793893754422
-0.2431735021045
-0.5761188267980
-0.2515064931827
-0.5727289311899
-0.2597930932339
-0.5692202994540
-0.2680316420588
-0.5655935652848
-0.2762204883090
-0.5618493851090
-0.2843579897920
-0.5579884379551
-0.2924425137738
-0.5540114253187
-0.3004724372790
-0.5499190710247
-0.3084461473895
-0.5457121210846
-0.3163620415405
-0.5413913435506
-0.3242185278140
-0.5369575283655
-0.3320140252305
-0.5324114872087
-0.3397469640383
-0.5277540533389
-0.3474157859994
-0.5229860814327
-0.3550189446747
-0.5181084474193
-0.3625549057046
-0.5131220483123
-0.3700221470890
-0.5080278020368
-0.3774191594632
-0.5028266472543
-0.3847444463719
-0.4975195431824
-0.3919965245407
-0.4921074694130
-0.3991739241438
-0.4865914257250
-0.4062751890703
-0.4809724318951
-0.4132988771865
-0.4752515275049
-0.4202435605962
-0.4694297717440
-0.4271078258979
-0.4635082432108
-0.4338902744382
-0.4574880397097
-0.4405895225638
-0.4513702780447
-0.4472042018692
-0.4451560938105
-0.4537329594417
-0.4388466411806
-0.4601744581038
-0.4324430926913
-0.4665273766517
-0.4259466390243
-0.4727904100915
-0.4193584887851
-0.4789622698714
-0.4126798682788
-0.4850416841110
-0.4059120212838
-0.4910273978279
-0.3990562088216
-0.4969181731600
-0.3921137089245
-0.5027127895856
-0.3850858164009
-0.5084100441388
-0.3779738425970
-0.5140087516234
-0.3707791151567
-0.5195077448212
-0.3635029777789
-0.5249058746992
-0.3561467899719
-0.5302020106110
-0.3487119268057
-0.5353950404972
-0.3411997786618
-0.5404838710798
-0.3336117509807
-0.5454674280553
-0.3259492640069
-0.5503446562827
-0.3182137525322
-0.5551145199689
-0.3104066656359
-0.5597760028498
-0.3025294664240
-0.5643281083684
-0.2945836317655
-0.5687698598490
-0.2865706520268
-0.5731003006678
-0.2784920308041
-0.5773184944196
-0.2703492846545
-0.5814235250816
-0.2621439428243
-0.5854144971722
-0.2538775469758
-0.5892905359078
-0.2455516509129
-0.5930507873539
-0.2371678203040
-0.5966944185746
-0.2287276324038
-0.6002206177762
-0.2202326757737
-0.6036285944492
-0.2116845500000
-0.6069175795043
-0.2030848654110
-0.6100868254067
-0.1944352427928
-0.6131356063050
-0.1857373131028
-0.6160632181573
-0.1769927171834
-0.6188689788531
-0.1682031054725
-0.6215522283312
-0.1593701377146
-0.6241123286942
-0.1504954826689
-0.6265486643187
-0.1415808178179
-0.6288606419621
-0.1326278290739
-0.6310476908655
-0.1236382104845
-0.6331092628522
-0.1146136639375
-0.6350448324228
-0.1055558988644
-0.6368538968467
-0.0964666319436
-0.6385359762491
-0.0873475868022
-0.6400906136947
-0.0782004937169
-0.6415173752668
-0.0690270893151
-0.6428158501436
-0.0598291162738
-0.6439856506696
-0.0506083230195
-0.6450264124239
-0.0413664634261
-0.6459377942839
-0.0321052965131
-0.6467194784858
-0.0228265861430
-0.6473711706810
-0.0135321007182
-0.6478925999884
-0.0042236128777
-0.6482835190433
 0.0050971008067
-0.6485437040419
 0.0144282601346
-0.6486729547826
 0.0237680815811
